parent1=
   99.9999   97.0387  100.0000  100.0000   99.9992   84.6864   93.8323   99.9982   96.3688
   99.9971   96.1300   99.9999   99.2552   99.9989   83.5695   82.7931   99.9913   95.2040
   99.6584   95.6518   99.9998   98.9324   99.9951   81.3001   72.8712   99.9907   92.7158
   99.3321   94.7110   99.9890   98.5859   99.9915   80.9299   65.7437   99.9893   91.2300
   98.9944   94.5491   99.9844   98.2182   99.8644   66.8532   64.9547   99.9762   91.1882
   98.3645   94.3473   99.9030   97.8761   99.1454   62.6601   61.4838   99.9463   91.0162
   97.7423   93.5564   99.8802   97.4538   99.1123   61.3634   57.5688   99.9028   90.8173
   97.3473   93.3598   99.7852   97.1310   98.7470   55.0524   56.6114   99.4048   90.7429
   96.4977   93.1085   99.7055   96.4398   98.7034   53.7914   54.7277   98.9786   90.0855
   96.1744   92.8270   99.6389   96.0589   98.1209   45.5075   53.4885   98.8968   88.6448
   95.2579   91.1810   99.6325   95.6798   96.1623   44.3600   51.2979   98.7094   85.7200
   94.6249   90.8575   99.5602   93.8905   95.4155   42.2400   46.4785   98.5244   85.2190
   94.3399   89.6173   99.4602   93.5321   94.0481   41.5270   43.2470   97.7178   84.7892
   93.1091   88.7520   99.4551   92.7878   91.9301   39.1192   42.9950   97.5531   84.5261
   92.4484   87.7945   99.3321   92.4176   91.9298   35.3994   42.1859   96.9181   83.6895
   89.9761   86.7985   99.2642   92.0336   91.3179   33.9378   39.7838   96.3528   83.0813
   88.8559   86.7547   99.1823   90.9865   88.7661   30.3640   35.9048   95.7771   82.5227
   88.2422   86.5876   99.0945   90.5791   87.7289   28.1914   35.3589   94.2262   82.1203
   87.5805   86.4503   98.8886   89.7584   85.8720   24.8487   29.9172   93.9254   81.8281
   86.9823   82.4578   98.6548   89.4367   83.8619   22.2799   27.9201   93.2716   80.8636
   85.2212   82.3838   98.5480   88.9766   82.6470   21.3306   26.5102   92.5263   80.1015
   84.5620   78.1982   98.4782   88.1980   77.5743   18.4341   23.4011   89.8727   79.3480
   83.6780   75.1021   98.0498   87.7816   75.7556   17.5050   22.9114   89.4230   78.7599
   82.6656   72.7470   97.1512   86.2101   68.3309   16.3274    1.0187   88.5968   78.1899
   82.3003   72.1886   95.8528   85.4037   65.0622    7.7022    0.8217   87.1796   75.9822
   81.5080   72.0699   95.6181   84.9927   62.9930    0.2221    0.6512   82.0560   74.5174
   80.8800   70.7075   95.4181   84.5794   61.2228    0.1624    0.4218   79.3072   71.3592
   80.2168   69.8800   93.9818   84.1598   54.6026    0.0190    0.3119   74.4519   68.7455
   79.3097   67.2618   91.1118   83.7482   49.8552    0.0090    0.0288   72.2598   62.7867
   76.0902   61.9981   90.8544   82.9107    0.0046    0.0015    0.0231   66.0415   57.1427