parent1=
   99.9994   96.7740   99.9945   99.9968   99.9999   84.6972   93.8928   99.9935   96.3975
   99.9806   96.1292   99.9936   99.3000   99.9996   83.2832   82.3838   99.9843   95.3403
   99.6728   95.6606   99.9848   98.8959   99.9640   81.3040   72.9200   99.9642   92.7324
   99.2764   94.8031   99.9707   98.5887   99.9122   80.5400   67.1886   99.8540   91.2305
   66.1296   72.3062   28.0124   63.1839   57.1470   85.5602   19.4188   39.2335   82.5665
   98.3892   94.3115   99.8956   97.8509   99.4202   64.2801   60.7923   99.7242   90.9628
   97.4262   93.7170   99.7696   97.2686   99.3457   61.4887   58.2619   99.6260   90.7682
   97.4189   93.3301   99.7173   97.1599   98.4994   61.1661   56.5718   98.9846   90.7360
   96.4685   93.2106   99.6938   96.3454   98.4431   55.0670   54.3887   98.9447   90.1147
   96.1746   91.7947   99.6181   95.9870   97.0969   53.6716   53.3349   98.8664   88.6527
   94.9755   91.0545   99.5815   95.6966   96.1613   45.5411   51.4633   98.6768   86.2689
   94.4937   90.9543   99.4895   93.8898   95.4809   44.8570   45.3658   98.4308   85.6465
   94.1046   89.0703   99.3951   93.5042   91.9271   42.1152   43.1280   97.7869   85.1703
   93.1089   88.7574   99.3330   92.4297   91.8729   41.9274   42.9887   97.4847   84.7785
   91.9271   87.7791   99.2061   92.3103   91.4494   39.3514   42.4031   96.7875   84.2933
   90.0625   86.8294   99.1011   91.7521   91.3498   35.3126   39.8038   95.9849   83.6552
   88.7932   86.7521   99.0578   90.7372   88.7039   34.0620   36.4810   95.4682   83.1349
   88.0368   86.7394   98.9159   90.3783   88.0638   30.5313   34.0935   94.4402   82.2587
   87.3020   86.0317   98.5498   89.7454   85.6774   28.4047   33.2148   93.6708   82.1503
   86.9559   82.5316   98.5132   89.3699   83.8402   24.8448   29.8186   92.7686   81.7296
   85.5193   81.5576   98.4655   88.9636   83.8227   22.2008   29.7265   91.1866   80.2287
   83.9459   78.2579   98.4505   88.1941   82.4871   20.3448   26.6211   90.3707   79.4367
   82.5999   74.7387   96.8376   87.3807   77.7741   18.5273   23.3543   88.1220   78.9546
   82.4382   72.6214   95.7144   86.2242   68.3232   16.2934    1.0834   86.3307   77.9502
   81.3956   72.0878   95.5672   85.4001   65.3055    6.9643    0.9282   81.5285   75.2844
   80.8836   72.0718   94.2526   84.9896   62.9880    0.8832    0.3921   79.1838   73.4095
   80.1213   70.7205   93.9316   84.5388   61.2395    0.5368    0.0795   74.4137   73.2744
   79.2565   69.2519   90.6665   84.1537   54.6000    0.0871    0.0625   72.1613   69.0351
   75.4452   66.9835   89.8353   83.5656   49.7608    0.0151    0.0133   66.0272   62.8023
   75.2460   59.4415   78.8485   82.8250    0.5023    0.0059    0.0117   35.6822   56.8349





parent2=
   99.9997   96.9934   99.9999   99.9987   99.9948   84.6957   93.8637   99.9974   96.2174
   99.9972   96.1296   99.9969   99.3029   99.9833   83.6371   82.4502   99.9803   95.2125
   99.6786   95.6549   99.9430   98.9253   99.9774   81.2972   80.3953   99.9311   92.7971
   99.1968   94.7636   99.9161   98.5892   99.9521   80.6718   71.1934   99.9244   91.2314
   98.9992   94.5668   99.9117   98.2258   99.5586   66.8926   64.2288   99.8239   91.1897
   98.0087   94.3808   99.8752   97.8691   99.5463   64.0143   62.0182   99.7629   91.0710
   97.5052   93.6511   99.8715   97.4801   99.3721   63.0650   58.0601   99.4350   90.8192
   96.8056   93.1400   99.7262   97.1574   98.4186   57.9277   57.9640   99.1232   90.7566
   96.4900   93.0424   99.6797   96.4111   97.7544   54.1428   56.1395   98.9410   90.1936
   95.9913   92.2740   99.6225   96.0376   96.0104   45.5108   53.6117   98.7712   88.7308
   95.2303   91.1586   99.5870   95.6639   95.8942   44.6416   52.9103   98.7570   85.7350
   94.4760   90.4551   99.5278   93.8881   95.1322   43.1825   48.0272   98.1279   85.0047
   93.7319   89.6342   99.4963   93.4340   93.0965   42.1913   44.1314   97.7075   84.8108
   93.0736   88.4629   99.3983   92.6668   92.0495   39.1132   43.7653   97.4254   84.5401
   92.4523   87.6241   99.1629   92.3951   91.2385   35.8547   42.1289   96.6619   83.7647
   90.0563   86.9241   99.1435   91.9573   90.2179   34.8061   41.2015   95.0879   83.2061
   88.7035   86.7801   99.0866   90.8552   88.6677   30.3865   36.9333   94.4719   82.6672
   87.7603   85.9189   99.0201   90.4716   87.8221   28.8287   36.2562   94.4374   82.1954
   87.5205   85.3019   98.7563   89.7440   86.0880   25.1190   31.8239   93.9132   81.8227
   86.9676   82.4859   98.5317   89.3692   83.9354   23.1254   29.7034   92.2313   80.8764
   85.3360   82.2506   98.1543   88.9432   83.0525   20.9319   26.5389   90.3654   80.0205
   84.4313   77.9918   98.0407   88.1982   78.8213   18.4056   24.9372   89.6968   79.3283
   83.5148   74.8382   97.9202   87.4847   75.6748   17.5656   22.9916   89.5774   78.4030
   82.7329   72.7233   97.3214   86.0188   68.3394   16.3190    1.2050   88.6220   78.0063
   82.2845   72.1045   95.6993   85.2666   65.3138    7.0520    0.5116   86.3599   76.1797
   81.4009   71.9865   95.4293   84.7892   63.0006    0.9260    0.3354   80.4389   74.4342
   80.3759   70.7109   95.2320   84.4960   60.8548    0.4413    0.1405   75.4329   73.3053
   80.0980   69.7902   93.9734   83.9936   54.4828    0.2987    0.0525   72.6175   68.8491
   77.0791   67.2355   90.9932   83.7359   50.2221    0.0153    0.0366   71.4351   62.5881
   76.0148   60.6894   89.4397   74.7776    0.2159    0.0003    0.0253   62.1558   56.2926



parent3=

   99.9973   97.0184   99.9999   99.9982   99.9976   84.6990   93.7562   99.9992   96.1899
   99.8881   96.1293   99.9755   99.3006   99.9952   83.5927   82.5537   99.9921   95.3756
   99.6346   95.6668   99.9739   98.9315   99.9730   81.1836   73.2807   99.9915   92.8269
   99.1068   94.7692   99.9382   98.5892   99.9573   80.6188   68.2209   99.9623   91.2328
   99.0177   94.5792   99.9219   98.2201   99.6412   67.1993   65.7746   99.9513   91.1887
   98.2098   94.3598   99.9007   97.8307   99.5737   63.4466   61.1018   99.9219   91.0751
   97.4597   93.6913   99.8693   97.4110   99.3759   61.8390   59.2897   99.3338   90.8192
   96.6969   93.3158   99.7307   97.1590   98.3271   61.4719   57.2295   99.2777   90.7141
   96.1244   93.0223   99.6524   96.4002   98.2663   54.2463   54.0446   98.8086   90.1321
   95.9569   92.3086   99.6254   96.0471   96.9272   45.7505   53.8954   98.6703   89.2734
   95.2129   91.0231   99.5552   95.7166   95.6524   44.3844   52.6814   98.6441   85.8242
   94.4722   90.7217   99.4923   93.8820   94.7706   42.8014   45.7858   97.6819   85.1957
   94.2437   89.5967   99.4356   93.4628   92.9908   41.5476   45.3259   97.5770   84.8126
   93.0766   88.3712   99.4037   92.6403   91.7241   39.1127   43.0383   96.5008   84.5355
   92.4311   87.7857   99.2817   92.3763   91.2099   36.7978   42.1367   96.0789   83.7201
   90.0553   86.9317   99.1284   91.9179   90.7828   36.0437   40.2617   95.0310   83.2445
   88.8553   86.7274   98.9462   90.8947   88.8339   31.1741   37.1866   94.6450   82.5394
   87.6210   86.3913   98.8834   90.4841   88.1068   30.5096   36.2467   94.5911   82.1993
   87.5662   85.4451   98.8003   89.7465   85.9575   25.2154   32.9060   93.6061   81.8291
   86.8996   82.5354   98.5314   89.3698   83.9037   23.2414   30.9094   92.2767   80.8733
   85.3924   81.7027   98.1949   88.9276   82.9465   20.4359   26.5563   90.8556   80.0925
   84.5054   78.1968   97.9108   88.1983   78.2416   18.7802   23.7159   89.8038   79.3394
   83.3483   75.2453   97.8244   87.3954   75.6766   17.3909   22.9865   87.7375   78.4023
   82.7378   72.7330   97.3009   86.0538   68.3325   16.3179    3.7491   87.3927   77.8656
   82.2517   72.1702   95.6109   85.3343   65.2543    7.0201    2.5392   85.6113   76.3863
   81.3654   71.8786   95.5694   84.8791   62.9941    0.9836    0.8180   79.6291   74.4140
   80.3076   70.7252   94.6169   84.4508   60.7367    0.7394    0.7248   75.6392   71.6562
   80.1394   69.5384   93.9591   83.9838   54.5179    0.1212    0.6443   73.8732   69.4430
   76.5747   67.1849   90.6597   83.6587   50.3317    0.0136    0.6150   70.0871   62.8097
   75.6863   61.8006   90.4088   74.5559    0.2370    0.0035    0.0646   60.1781   56.9456



parent3=
   99.0254   96.9272   99.4906   99.6916   99.5393   81.9126   90.0373   99.4826   95.8054
   97.7386   96.5514   99.2596   99.6042   97.8636   77.8423   87.5243   98.0516   94.7199
   97.1496   95.4219   99.1728   98.9050   97.1582   77.0118   85.0195   96.9090   93.5749
   95.3831   94.6246   98.4949   98.5483   96.7705   74.7733   83.1602   96.6066   92.4634
   94.8250   93.2518   98.1102   97.8613   93.9376   71.4350   82.7884   95.1298   90.6460
   94.2409   92.7360   97.7583   97.6531   91.2683   69.8706   78.4855   91.6382   89.2308
   94.0529   90.7614   97.6310   96.8591   89.3492   67.6407   77.4187   91.1849   87.0232
   93.4783   90.2752   97.2219   96.0636   87.6542   66.6907   77.1257   90.0181   86.0132
   92.9345   89.3488   96.9799   95.9044   85.5532   61.7499   74.4119   89.0902   85.4537
   91.7714   89.0608   96.4421   95.3696   84.8520   59.9776   73.4092   88.5089   84.8269
   91.1335   88.1774   96.3780   94.8273   83.2764   58.8604   70.3974   88.0554   84.4441
   90.0034   87.1269   95.7881   93.8892   81.4259   56.0673   69.4395   86.8035   83.3771
   89.6425   85.6619   95.5173   93.2472   77.3713   54.4873   67.2118   85.2404   82.0914
   89.4167   84.4559   94.7369   92.8379   75.6208   51.5574   64.8326   84.8452   81.4476
   87.3652   83.0222   94.6478   92.0947   75.2046   50.7045   61.3224   83.8504   81.2324
   86.8705   82.5248   94.4961   91.1835   74.2328   42.7321   59.5330   83.3018   80.1304
   85.6531   80.4240   93.9782   90.4896   73.4563   39.6989   55.1426   82.7398   79.2365
   84.8190   80.3250   93.9607   90.0735   70.7081   30.6055   52.3337   81.6307   76.9655
   84.3359   77.9771   93.6512   89.7965   66.8512   27.5361   51.2535   79.5643   76.3720
   82.6442   76.4987   93.4505   89.5888   66.0096   26.3132   48.1103   78.6570   75.8490
   82.2308   76.0113   93.1271   88.1402   65.0688   24.7340   44.7163   76.7724   72.9714
   81.6772   74.6347   93.0910   87.7364   63.2440   23.5903   43.7687   75.7766   70.7075
   80.7585   74.6042   92.7957   87.5080   60.7324   23.5110   42.1155   74.9847   68.3402
   80.2789   74.1866   92.7083   86.7479   60.2350   21.1563   34.3135   73.2325   65.9613
   79.8403   72.2125   92.0383   86.2917   59.1082   19.0344   34.3084   72.2409   63.7257
   79.5276   68.9233   91.7713   85.8411   58.3033   17.6655   33.2489   71.5857   62.6739
   78.8558   68.2901   91.4608   85.4610   55.3694   15.5862   32.7786   70.4385   62.1478
   78.3903   66.9289   91.2568   84.8315   53.9246    8.8580   30.6091   68.1721   60.4644
   78.1327   66.3537   91.0785   84.2556   51.6261    7.3027   28.3077   67.6950   59.2353
   77.2783   64.8637   90.9678   83.8865   50.1800    1.6091   23.3258   66.4729   58.8416